pnt* 10 11 red red
x : 50.000000 y : 87.000000
x : 55.000000 y : 95.000000
