pnt* 14 15 red red
x : 265.000000 y : 223.000000
x : 285.000000 y : 239.000000
