pnt* 11 13 red red
x : 5.000000 y : 175.000000
x : 5.000000 y : 191.000000
x : 5.000000 y : 207.000000
